 282 20.0 50
 50.00000000000004 49.99999976359342
 54.06899999999988 47.65076643026017 4.0
 54.88280000000053 49.06029976359332 2.0
 51.30210000000004 46.2411997635934 2.0
 50.81380000000004 54.22863309692677 1.0
 51.66666666666632 49.32643309692691 1.0
 47.08333333332769 50.24056643026055 1.0
 48.3333333333335 48.55663309692686 1.0
 47.91666666666645 48.79719976359327 4.0
 49.18620000000003 45.77136643026006 1.0
 48.43750000000004 53.30773309692673 1.0
 47.39583333333342 53.00703309692669 2.0
 52.08333333333341 52.4056330969268 2.0
 49.3489666666667 53.38289976359344 1.0
 51.77083333333353 48.61676643025996 1.0
 52.08333333333384 50.84196643026027 1.0
 51.66666666666632 50.67356643025992 1.0
 44.30339999999727 50.46983309692698 1.0
 51.66666666666666 47.59436643026014 1.0
 52.03450000000004 55.87309976359342 2.0
 49.47916666666669 52.70633309692679 1.0
 51.25000000000005 52.64619976359344 1.0
 51.30206666666672 53.75879976359345 2.0
 50.00000000000004 45.30149976359341 4.0
 47.3958333333334 47.74473309692677 1.0
 49.68750000000005 52.2251997635933 1.0
 51.0416666666667 53.00703309692675 2.0
 45.93100000000006 46.47613309692677 1.0
 51.66666666666666 52.40563309692669 1.0
 47.91666666666669 53.60843309692676 4.0
 46.35416666666964 50.30069976359317 1.0
 56.10350000000066 51.17463309692687 2.0
 55.20833333333337 49.99999976359342 4.0
 48.43750000000004 46.6922664302601 1.0
 46.74479999999988 48.87236643026003 1.0
 49.38963333333336 54.34609976359344 1.0
 54.06900000000001 46.47613309692677 1.0
 48.33333333333337 47.11323309692675 4.0
 52.60416666666689 51.50353309692686 4.0
 47.78646666666668 48.27096643026007 1.0
 48.33333333333375 50.67356643025992 1.0
 50.25000000000003 51.78016643026003 1.0
 52.60416666666667 47.74473309692677 1.0
 44.7916666666667 49.99999976359342 4.0
 49.68750000000005 47.77479976359352 1.0
 52.08333333333342 53.00703309692683 1.0
 52.60416666666667 46.24119976359346 1.0
 43.89649999999945 48.82536643025997 2.0
 44.30339999999727 49.53016643025985 1.0
 48.33333333333375 49.32643309692691 1.0
 46.0937666666668 50.75176643026006 2.0
 46.74479999999998 46.24119976359335 2.0
 48.69793333333336 46.24119976359339 2.0
 45.93100000000002 45.3014997635934 2.0
 49.58333333333336 47.83493309692672 1.0
 52.08333333333382 49.27829976359326 1.0
 44.91373333333329 51.76193309692678 1.0
 51.66666666666661 48.07549976359353 2.0
 49.18620000000003 54.22863309692677 1.0
 51.56250000000003 46.6922664302601 1.0
 47.91666666666623 49.15803309692656 1.0
 47.39583333333326 48.9475330969267 1.0
 43.89649999999941 51.17463309692687 2.0
 43.48960000000004 49.99999976359342 4.0
 52.60416666666665 53.00703309692669 2.0
 50.65103333333337 46.61709976359339 1.0
 47.91666666666665 46.99296643026 1.0
 50.4882666666667 46.52313309692673 1.0
 46.74480000000002 47.1808997635934 1.0
 49.47916666666669 47.29366643026004 1.0
 45.93100000000005 51.40953309692674 1.0
 49.58333333333336 52.16506643026011 1.0
 52.08333333333362 48.79719976359327 4.0
 45.93100000000002 54.69849976359343 2.0
 45.93100000000018 52.34923309692667 4.0
 47.91666666666665 53.00703309692683 1.0
 46.87499999999849 49.39859976359312 2.0
 53.25520000000005 45.30149976359339 1.0
 45.83333333333337 49.99999976359342 4.0
 55.08626666666678 48.23806643026006 1.0
 52.60416666666672 45.48946643026005 4.0
 52.08333333333346 48.19576643026 1.0
 52.60416666666667 53.75879976359337 1.0
 48.75000000000002 47.35379976359339 1.0
 53.45866666666664 52.70163309692671 1.0
 46.74480000000012 51.87939976359337 4.0
 52.08333333333342 46.99296643026 1.0
 45.44269999999073 50.37586643026085 1.0
 50.31250000000002 52.2251997635933 1.0
 50.52083333333338 47.29366643026004 1.0
 47.78646666666666 51.72903309692678 1.0
 50.00000000000004 47.59436643026008 4.0
 52.60416666666698 50.90209976359351 1.0
 50.65103333333337 53.38289976359344 1.0
 53.25520000000009 46.24119976359335 2.0
 51.56250000000003 53.30773309692673 1.0
 51.66666666666656 51.44336643025996 1.0
 48.37240000000005 54.69849976359338 2.0
 47.39583333333326 51.05246643026013 1.0
 45.93100000000006 53.52386643026006 1.0
 49.75000000000004 48.21983309692679 1.0
 51.95313333333338 45.86533309692672 1.0
 47.39583333333342 46.99296643026014 2.0
 47.39583333333341 48.49649976359344 4.0
 50.4882666666667 53.4768664302601 1.0
 53.12500000000158 49.39859976359312 2.0
 48.95833333333336 46.99296643026008 2.0
 54.06900000000001 53.52386643026006 1.0
 52.60416666666666 48.49649976359344 4.0
 54.06900000000002 51.40953309692674 1.0
 48.33333333333341 47.59436643026014 1.0
 52.44140000000003 55.16833309692674 1.0
 51.04166666666671 46.99296643026008 2.0
 52.49999999999937 49.51886643026021 2.0
 46.74480000000005 55.63819976359339 4.0
 45.11719999999954 50.93969976359351 2.0
 53.25520000000002 48.68443309692675 1.0
 52.60416666666698 49.09789976359332 1.0
 49.3489666666667 46.61709976359339 1.0
 49.16666666666672 52.40563309692669 2.0
 53.25520000000002 55.63819976359339 4.0
 53.25520000000009 53.75879976359349 2.0
 45.93100000000019 47.65076643026017 4.0
 47.3958333333334 53.75879976359337 1.0
 48.04686666666669 45.86533309692672 1.0
 51.01726666666671 44.71419976359339 1.0
 46.74480000000012 48.12059976359346 4.0
 51.95313333333338 54.1346664302601 1.0
 47.9166666666667 46.39156643026008 4.0
 46.74480000000005 44.36179976359344 4.0
 52.60416666666665 46.99296643026014 2.0
 48.98273333333336 44.71419976359339 1.0
 47.39583333333335 45.48946643026005 4.0
 51.66666666666669 52.88676643026007 4.0
 46.74480000000001 52.81909976359344 1.0
 54.55730000000926 49.62413309692599 1.0
 50.31250000000002 47.77479976359352 1.0
 46.0937666666668 49.24823309692677 2.0
 50.81380000000004 45.77136643026006 1.0
 50.00000000000004 51.92449976359342 4.0
 51.66666666666657 48.55663309692686 1.0
 47.91666666666661 48.19576643026 1.0
 47.39583333333335 54.51053309692679 4.0
 44.91373333333329 48.23806643026006 1.0
 47.55860000000004 44.83166643026009 1.0
 50.00000000000004 52.40563309692675 4.0
 52.91666666667238 50.24056643026055 1.0
 46.74479999999988 51.1276330969268 1.0
 54.88280000000053 50.93969976359351 2.0
 50.00000000000004 46.99296643026008 4.0
 54.06900000000002 48.59046643026009 1.0
 50.41666666666671 52.16506643026011 1.0
 50.00000000000004 46.24119976359341 4.0
 49.51173333333337 46.52313309692673 1.0
 53.12500000000158 50.60139976359371 2.0
 47.3958333333334 52.25526643026006 1.0
 47.91666666666666 47.59436643026004 2.0
 50.83333333333335 52.40563309692669 2.0
 54.06900000000005 45.3014997635934 2.0
 48.75000000000002 52.64619976359344 1.0
 46.74480000000001 54.69849976359345 1.0
 48.37240000000005 45.30149976359345 2.0
 48.33333333333346 48.07549976359353 2.0
 52.08333333333341 47.59436643026004 2.0
 52.91666666667238 49.75943309692628 1.0
 50.83333333333335 47.59436643026014 2.0
 47.55860000000004 55.16833309692674 1.0
 50.00000000000004 53.00703309692675 4.0
 47.5000000000007 49.51886643026021 2.0
 50.39063333333335 52.78149976359334 1.0
 46.54133333333343 47.29836643026012 1.0
 45.44269999999081 49.62413309692599 1.0
 48.95833333333337 53.00703309692675 2.0
 51.62760000000002 54.69849976359338 2.0
 52.08333333333338 53.60843309692676 4.0
 47.91666666666623 50.84196643026027 1.0
 48.33333333333334 50.96223309692677 4.0
 51.66666666666672 49.03776643026007 4.0
 54.0689999999999 52.34923309692667 4.0
 52.08333333333384 49.15803309692656 1.0
 53.25520000000019 48.87236643026003 1.0
 50.61036666666671 45.6538997635934 1.0
 47.50000000000067 50.48113309692663 2.0
 45.11719999999954 49.06029976359332 2.0
 53.33333333333337 49.99999976359342 4.0
 52.60416666666672 54.51053309692679 4.0
 52.60416666666681 51.05246643026013 1.0
 51.41666666666645 51.10659976359322 1.0
 45.93100000000005 48.59046643026009 1.0
 53.90623333333327 50.75176643026006 2.0
 53.25519999999995 48.12059976359346 4.0
 51.66666666666661 51.9244997635933 2.0
 51.77083333333353 51.38323309692688 1.0
 48.69793333333335 53.75879976359345 2.0
 53.25520000000005 47.1808997635934 1.0
 47.39583333333309 49.09789976359332 1.0
 48.33333333333294 49.0377330969265 4.0
 48.33333333333341 52.40563309692669 1.0
 53.45866666666664 47.29836643026012 1.0
 50.25000000000003 48.21983309692679 1.0
 46.74480000000002 45.30149976359339 1.0
 47.91666666666625 49.27829976359326 1.0
 52.21353333333341 51.72903309692678 1.0
 53.25520000000006 54.69849976359345 1.0
 45.93100000000014 51.64446643026004 1.0
 49.60936666666672 47.21849976359349 1.0
 54.55730000000934 50.37586643026085 1.0
 47.96550000000003 44.12689976359341 2.0
 50.61036666666671 54.34609976359344 1.0
 48.33333333333338 52.88676643026007 4.0
 47.3958333333334 51.5034997635934 4.0
 48.33333333333351 51.44336643025996 1.0
 49.60936666666672 52.78149976359334 1.0
 50.39063333333335 47.21849976359349 1.0
 50.41666666666671 47.83493309692672 1.0
 52.76693333333326 52.16129976359333 1.0
 48.33333333333346 51.9244997635933 2.0
 52.60416666666667 52.25526643026006 1.0
 47.91666666666661 51.80423309692683 1.0
 54.06899999999991 48.3555330969268 1.0
 52.60416666666681 48.9475330969267 1.0
 47.91666666666645 51.20279976359356 4.0
 55.08626666666678 51.76193309692678 1.0
 51.62760000000002 45.30149976359345 2.0
 55.6966000000028 50.46983309692698 1.0
 53.64583333333043 50.30069976359317 1.0
 48.58333333333362 48.89339976359361 1.0
 52.08333333333382 50.72169976359357 1.0
 47.91666666666625 50.72169976359357 1.0
 53.25520000000019 51.1276330969268 1.0
 53.64583333333051 49.69929976359365 1.0
 45.93100000000016 48.3555330969268 1.0
 54.06900000000005 54.69849976359343 2.0
 52.08333333333337 46.39156643026008 4.0
 52.03450000000004 44.12689976359341 2.0
 51.66666666666713 50.96226643026033 4.0
 47.39583333333309 50.90209976359351 1.0
 52.76693333333326 47.8386997635935 1.0
 53.25520000000004 51.31556643026008 1.0
 52.08333333333362 51.20279976359356 4.0
 46.74479999999998 53.75879976359349 2.0
 48.22916666666654 51.38323309692688 1.0
 50.00000000000004 48.07549976359341 4.0
 55.6966000000028 49.53016643025985 1.0
 53.25520000000002 44.36179976359344 4.0
 47.23306666666682 47.8386997635935 1.0
 47.08333333332769 49.75943309692628 1.0
 54.1666666666667 49.99999976359342 4.0
 50.00000000000004 53.75879976359342 4.0
 53.25520000000006 52.81909976359344 1.0
 52.44140000000003 44.83166643026009 1.0
 46.87499999999849 50.60139976359371 2.0
 47.96550000000003 55.87309976359342 2.0
 49.16666666666672 47.59436643026014 2.0
 48.58333333333362 51.10659976359322 1.0
 46.54133333333343 52.70163309692671 1.0
 51.6666666666667 47.11323309692675 4.0
 53.90623333333327 49.24823309692677 2.0
 56.51040000000003 49.99999976359342 4.0
 52.4999999999994 50.48113309692663 2.0
 46.74480000000003 51.31556643026008 1.0
 53.25519999999995 51.87939976359337 4.0
 51.01726666666671 55.28579976359344 1.0
 52.08333333333346 51.80423309692683 1.0
 49.75000000000004 51.78016643026003 1.0
 51.25000000000005 47.35379976359339 1.0
 47.3958333333334 46.24119976359346 1.0
 50.00000000000004 54.69849976359342 4.0
 50.52083333333338 52.70633309692679 1.0
 48.22916666666654 48.61676643025996 1.0
 46.35416666666956 49.69929976359365 1.0
 46.74480000000005 48.68443309692675 1.0
 48.04686666666669 54.1346664302601 1.0
 51.41666666666645 48.89339976359361 1.0
 54.06899999999993 51.64446643026004 1.0
 49.51173333333337 53.4768664302601 1.0
 46.6666666666667 49.99999976359342 4.0
 56.10350000000062 48.82536643025997 2.0
 47.91666666666666 52.4056330969268 2.0
 52.21353333333339 48.27096643026007 1.0
 49.38963333333336 45.6538997635934 1.0
 48.98273333333336 55.28579976359344 1.0
 47.23306666666681 52.16129976359333 1.0
