 222 20.0 50
 49.99999999999994 49.99999962462457
 50.52083333333328 47.2936662912912 1.0
 49.99999999999994 52.40562462462457 4.0
 55.69662500000356 50.4698329579582 1.0
 49.99999999999994 46.99295795795791 4.0
 48.43749999999994 46.69224962462458 1.0
 51.56249999999993 46.69224962462458 1.0
 54.06899999999986 51.40954129129121 1.0
 48.22916666666666 51.38324962462453 1.0
 47.91666666666664 53.60845795795784 4.0
 47.91666666666664 47.59437462462461 2.0
 53.25520833333331 52.81908295795794 1.0
 52.08333333333328 50.84195795795791 1.0
 47.96549999999994 55.87312462462457 2.0
 52.08333333333324 53.0070412912912 1.0
 52.08333333333324 47.59437462462461 2.0
 48.98274999999993 44.71420795795789 1.0
 47.23308333333332 47.83870795795794 1.0
 53.2552083333333 47.18091629129121 1.0
 47.55858333333328 44.83166629129126 1.0
 55.69662500000356 49.53016629129094 1.0
 56.5104166666666 49.99999962462457 4.0
 49.68749999999993 52.22520795795794 1.0
 52.08333333333326 48.19579129129125 1.0
 49.99999999999994 47.59437462462457 4.0
 54.1666666666666 49.99999962462457 4.0
 46.74479166666661 44.36183295795792 4.0
 52.08333333333328 49.15804129129123 1.0
 52.44141666666659 55.16833295795788 1.0
 46.0937499999982 50.75174962462491 2.0
 54.8827916666671 49.06029129129114 2.0
 53.1250000000003 50.60141629129131 2.0
 49.99999999999994 53.00704129129124 4.0
 50.65104166666661 46.61708295795788 1.0
 47.55858333333328 55.16833295795788 1.0
 50.8137916666666 45.77137462462458 1.0
 53.25520833333326 48.87237462462458 1.0
 46.74479166666663 46.24120795795793 2.0
 46.74479166666664 48.12062462462459 4.0
 45.9309999999999 53.5238746246246 1.0
 45.93099999999987 54.69849962462465 2.0
 47.39583333333329 50.90212462462456 1.0
 56.10349999999945 51.17462462462448 2.0
 46.74479166666651 51.31558295795794 1.0
 46.74479166666662 53.75879129129122 2.0
 46.5413333333333 52.70162462462455 1.0
 53.25520833333336 51.31558295795794 1.0
 46.87499999999957 49.39858295795784 2.0
 48.95833333333327 53.00704129129123 2.0
 45.44270833333042 50.37587462462481 1.0
 52.03449999999993 44.12687462462458 2.0
 55.20833333333327 49.99999962462457 4.0
 48.6979166666666 46.24120795795789 2.0
 53.25520833333324 48.12062462462459 4.0
 49.38966666666661 45.65391629129125 1.0
 46.74479166666657 47.18091629129121 1.0
 54.06900000000002 52.34924962462462 4.0
 49.51170833333327 53.47687462462453 1.0
 46.74479166666664 51.87937462462455 4.0
 52.60416666666664 48.94754129129122 1.0
 50.61033333333327 54.3460829579579 1.0
 51.01724999999994 55.28579129129125 1.0
 51.30208333333327 46.24120795795789 2.0
 47.91666666666659 49.15804129129123 1.0
 50.61033333333327 45.65391629129125 1.0
 55.08624999999989 51.76191629129122 1.0
 52.08333333333325 46.99295795795793 1.0
 50.31249999999994 52.22520795795794 1.0
 52.60416666666659 53.00704129129122 2.0
 52.03449999999993 55.87312462462457 2.0
 53.25520833333341 51.87941629129132 4.0
 48.22916666666666 48.61674962462462 1.0
 54.069 54.69849962462465 2.0
 52.60416666666661 54.51054129129124 4.0
 53.25520833333326 55.63816629129123 4.0
 50.31249999999994 47.7747912912912 1.0
 47.91666666666663 53.0070412912912 1.0
 46.74479166666661 51.12762462462457 1.0
 51.95312499999994 45.86533295795791 1.0
 43.89650000000042 51.17462462462448 2.0
 47.39583333333328 53.00704129129122 2.0
 47.39583333333327 45.48945795795791 4.0
 45.11720833333278 49.06029129129114 2.0
 47.96549999999994 44.12687462462458 2.0
 53.25520833333325 53.75879129129122 2.0
 45.83333333333327 49.99999962462457 4.0
 46.0937499999982 49.24824962462424 2.0
 47.39583333333304 48.49649962462444 4.0
 53.25520833333336 48.6844162912912 1.0
 52.21354166666671 51.72904129129132 1.0
 49.47916666666659 47.2936662912912 1.0
 52.60416666666659 46.99295795795793 2.0
 47.91666666666647 51.20279129129131 4.0
 49.60937499999994 47.21849962462461 1.0
 56.10349999999949 48.82537462462466 2.0
 53.25520833333326 44.36183295795792 4.0
 53.25520833333324 46.24120795795793 2.0
 47.39583333333324 51.05245795795792 1.0
 45.93099999999988 48.35554129129122 1.0
 47.91666666666664 52.40562462462453 2.0
 52.60416666666658 49.09787462462458 1.0
 52.44141666666659 44.83166629129126 1.0
 49.99999999999994 53.75879129129124 4.0
 51.77083333333321 48.61674962462462 1.0
 54.069 45.3014996246245 2.0
 47.39583333333306 51.50349962462469 4.0
 49.34895833333326 46.61708295795788 1.0
 47.91666666666664 46.3915412912913 4.0
 53.90625000000168 49.24824962462424 2.0
 47.39583333333324 48.94754129129122 1.0
 50.65104166666661 53.38291629129125 1.0
 52.08333333333323 46.3915412912913 4.0
 51.77083333333321 51.38324962462453 1.0
 49.3896666666666 54.3460829579579 1.0
 52.08333333333339 48.79720795795784 4.0
 46.74479166666656 52.81908295795794 1.0
 53.25520833333326 45.30149962462459 1.0
 45.93099999999987 51.64445795795793 1.0
 45.93099999999991 46.47612462462455 1.0
 46.74479166666661 45.30149962462459 1.0
 47.91666666666661 48.19579129129125 1.0
 48.6979166666666 53.75879129129125 2.0
 54.06899999999997 53.5238746246246 1.0
 52.60416666666658 50.90212462462456 1.0
 47.39583333333325 53.75879129129127 1.0
 51.01724999999994 44.71420795795789 1.0
 53.90625000000168 50.75174962462491 2.0
 47.39583333333329 46.99295795795793 2.0
 44.91374999999999 48.23808295795792 1.0
 45.93100000000001 51.40954129129121 1.0
 48.95833333333327 46.99295795795792 2.0
 47.91666666666659 50.84195795795791 1.0
 53.64583333333611 50.30070795795814 1.0
 48.3724166666666 54.69849962462459 2.0
 54.069 51.64445795795793 1.0
 47.91666666666662 46.99295795795793 1.0
 47.91666666666644 48.79716629129115 4.0
 48.04687499999994 54.13466629129123 1.0
 44.7916666666666 49.99999962462457 4.0
 55.08624999999989 48.23808295795792 1.0
 52.6041666666666 45.48945795795791 4.0
 53.64583333333611 49.699291291291 1.0
 47.39583333333323 47.74470795795787 1.0
 53.25520833333326 51.12762462462457 1.0
 47.78645833333317 51.72904129129132 1.0
 48.3724166666666 45.30149962462456 2.0
 47.39583333333329 49.09787462462458 1.0
 46.54133333333328 47.29837462462459 1.0
 45.93100000000001 48.59045795795793 1.0
 50.4882916666666 53.47687462462453 1.0
 46.35416666666377 49.699291291291 1.0
 47.23308333333331 52.16129129129121 1.0
 50.39062499999993 47.21849962462461 1.0
 50.52083333333328 52.70633295795795 1.0
 54.06900000000002 47.65074962462452 4.0
 46.74479166666661 48.87237462462458 1.0
 45.44270833333042 49.62412462462434 1.0
 50.39062499999993 52.78149962462452 1.0
 49.99999999999994 45.30149962462457 4.0
 51.62762499999994 45.30149962462456 2.0
 48.98274999999993 55.28579129129125 1.0
 46.74479166666661 55.63816629129123 4.0
 44.30337499999631 50.4698329579582 1.0
 52.76691666666656 52.16129129129121 1.0
 47.39583333333323 52.25529129129127 1.0
 51.95312499999994 54.13466629129123 1.0
 45.93099999999988 45.3014996246245 2.0
 52.08333333333324 52.40562462462453 2.0
 54.8827916666671 50.939707957958 2.0
 52.60416666666681 51.50349962462469 4.0
 46.35416666666377 50.30070795795814 1.0
 53.1250000000003 49.39858295795784 2.0
 49.34895833333326 53.38291629129125 1.0
 52.60416666666664 52.25529129129127 1.0
 48.04687499999994 45.86533295795791 1.0
 53.45866666666657 52.70162462462455 1.0
 43.89650000000039 48.82537462462466 2.0
 53.25520833333325 54.69849962462455 1.0
 47.39583333333326 46.24120795795788 1.0
 44.91374999999999 51.76191629129122 1.0
 54.55729166666945 50.37587462462481 1.0
 52.76691666666655 47.83870795795794 1.0
 49.60937499999994 52.78149962462452 1.0
 50.8137916666666 54.22862462462456 1.0
 49.18620833333327 45.77137462462458 1.0
 52.60416666666664 51.05245795795792 1.0
 45.93099999999986 47.65074962462452 4.0
 46.74479166666651 48.6844162912912 1.0
 52.60416666666664 47.74470795795787 1.0
 52.60416666666662 53.75879129129127 1.0
 49.18620833333327 54.22862462462456 1.0
 52.60416666666683 48.49649962462444 4.0
 52.08333333333323 53.60845795795784 4.0
 49.47916666666659 52.70633295795795 1.0
 49.68749999999993 47.7747912912912 1.0
 54.06899999999999 48.35554129129122 1.0
 48.43749999999994 53.30774962462456 1.0
 43.48958333333327 49.99999962462457 4.0
 49.99999999999994 54.69849962462457 4.0
 46.87499999999957 50.60141629129131 2.0
 50.4882916666666 46.52312462462461 1.0
 47.78645833333317 48.27095795795783 1.0
 46.74479166666662 54.69849962462455 1.0
 52.21354166666671 48.27095795795783 1.0
 47.91666666666662 51.80420795795789 1.0
 53.45866666666659 47.29837462462459 1.0
 47.39583333333326 54.51054129129124 4.0
 52.08333333333325 51.80420795795789 1.0
 51.0416666666666 53.00704129129123 2.0
 49.51170833333327 46.52312462462461 1.0
 51.0416666666666 46.99295795795792 2.0
 52.08333333333343 51.20283295795799 4.0
 54.06899999999986 48.59045795795793 1.0
 54.55729166666945 49.62412462462434 1.0
 51.62758333333328 54.69849962462459 2.0
 45.93099999999986 52.34924962462462 4.0
 49.99999999999994 46.2412079579579 4.0
 51.56249999999993 53.30774962462456 1.0
 52.60416666666661 46.24120795795788 1.0
 45.11720833333278 50.939707957958 2.0
 54.06899999999997 46.47612462462455 1.0
 51.30208333333327 53.75879129129125 2.0
 44.30337499999631 49.53016629129094 1.0
