 144 20.0 50
 85.07523148148172 85.39004629629653
 80.9085648148151 79.89004629629659 0.5
 81.57523148147118 85.72337962963087 0.5
 80.40856481481512 89.89004629629648 1.7
 82.90856481481508 89.22337962962983 0.6
 87.90856481481548 84.22337962962969 2.6
 83.0752314814817 82.05671296296315 1.6
 80.90856481481502 88.72337962962989 1.6
 80.40856481481484 82.39004629629639 1.9
 88.24189814811959 85.55671296296168 1.0
 81.24189814814827 89.05671296296332 2.8
 79.57523148148074 84.05671296296296 0.7
 86.5752314814817 82.89004629629659 0.9
 87.90856481481505 80.22337962962987 3.5
 88.07523148148172 86.89004629629653 0.9
 88.90856481481516 88.39004629629662 0.6
 83.9085648148151 81.5567129629633 2.1
 82.7418981481485 86.39004629629649 1.0
 80.07523148148171 90.05671296296322 0.8
 89.24189814814842 82.05671296296318 2.0
 82.90856481481477 84.55671296296309 1.5
 80.24189814814832 80.39004629629646 1.1
 85.57523148148162 83.72337962963019 2.5
 86.40856481481505 89.22337962962983 1.9
 87.57523148148182 88.72337962963 1.9
 88.90856481481502 89.55671296296316 3.1
 81.40856481481502 82.22337962962983 1.6
 85.07523148148172 90.39004629629653 0.3
 82.24189814814835 89.72337962962992 0.3
 80.90856481481273 86.22337962963033 2.1
 87.40856481481511 83.72337962962983 1.2
 87.74189814814837 82.05671296296323 0.1
 80.24189814814811 88.22337962963003 1.6
 89.07523148148167 87.72337962962983 1.8
 84.2418981481484 85.39004629629653 1.6
 83.40856481481505 88.72337962962987 1.3
 82.24189814814933 84.72337962963009 2.7
 86.07523148148177 89.05671296296336 1.8
 82.24189814814794 83.89004629629629 0.9
 82.24189814814844 80.8900462962966 1.0
 85.40856481481507 89.72337962962995 2.6
 87.24189814814841 82.22337962962983 4.1
 80.57523148148265 84.72337962963 2.3
 85.90856481481501 87.05671296296312 1.7
 82.24189814814824 81.72337962962966 3.6
 84.2418981481484 82.89004629629655 1.2
 83.07523148148148 83.05671296296292 1.5
 86.24189814814841 87.55671296296323 1.8
 85.57523148148191 84.72337962962962 2.9
 81.90856481481511 88.7233796296298 2.6
 88.40856481481549 84.55671296296309 1.6
 84.57523148148172 80.72337962962987 2.8
 88.74189814814838 81.72337962962987 0.9
 84.57523148148172 80.55671296296325 1.6
 84.07523148148178 88.22337962962969 1.5
 79.74189814815074 84.72337962963016 0.3
 83.07523148148172 87.39004629629653 1.3
 79.74189814814852 86.72337962962983 1.4
 85.07523148148172 87.89004629629653 1.9
 88.90856481482061 84.89004629629581 0.7
 87.57523148148172 90.39004629629653 0.6
 87.07523148148168 90.05671296296309 0.2
 86.90856481481514 83.05671296296309 2.8
 86.5752314814817 82.89004629629659 0.9
 82.24189814814846 88.39004629629645 1.1
 87.90856481481498 82.55671296296327 1.7
 85.90856481481507 82.05671296296313 2.6
 90.07523148148067 84.55671296296337 0.8
 83.74189814814844 88.39004629629643 1.4
 87.07523148148191 84.05671296296308 0.3
 81.57523148148164 80.89004629629642 2.7
 82.57523148148172 82.89004629629653 0.5
 83.24189814815193 85.89004629629557 1.2
 80.07523148148196 87.05671296296312 0.9
 85.40856481481507 82.39004629629646 4.1
 85.90856481481505 80.39004629629655 0.2
 85.07523148148172 87.0567129629632 1.5
 89.24189814814832 83.05671296296323 1.3
 86.74189814814838 80.39004629629656 2.3
 84.74189814814838 88.89004629629659 0.6
 88.90856481481546 83.556712962963 0.5
 84.0752314814814 86.55671296296359 1.9
 88.07523148148172 85.39004629629653 0.7
 86.74189814814761 84.55671296296359 2.3
 81.74189814814842 90.39004629629648 1.4
 81.74189814814855 83.72337962962995 1.7
 84.74189814814838 81.89004629629649 1.1
 86.90856481481507 81.55671296296319 1.3
 79.40856481481688 84.05671296296363 1.0
 85.07523148148172 83.89004629629653 1.5
 87.40856481481504 82.72337962962989 1.0
 79.57523148148157 89.0567129629633 1.5
 86.74189814814761 86.22337962962948 0.9
 89.90856481481512 80.39004629629646 0.7
 81.24189814814851 87.72337962962979 1.0
 80.90856481481502 82.05671296296318 1.7
 84.74189814814838 88.89004629629659 1.0
 86.40856481481494 83.89004629629666 2.7
 78.74189814814825 87.72337962962992 2.5
 82.90856481481501 79.8900462962964 0.1
 84.40856481481508 88.8900462962964 3.6
 81.40856481481482 86.55671296296327 0.8
 83.74189814814838 81.22337962962982 0.9
 86.40856481481498 83.22337962962999 1.1
 86.90856481481497 83.72337962962995 2.0
 85.74189814814878 85.72337962963006 1.4
 89.74189814814915 86.55671296296339 0.5
 88.57523148148172 81.39004629629653 1.8
 85.74189814814838 81.39004629629655 0.7
 88.408564814815 89.39004629629646 1.4
 85.24189814814838 82.39004629629669 0.3
 82.2418981481465 85.72337962963009 0.7
 87.57523148148172 82.89004629629653 0.8
 85.90856481481501 83.72337962962995 0.3
 90.0752314814817 88.72337962962985 2.9
 84.74189814814844 86.39004629629638 1.6
 83.0752314814763 85.72337962963077 0.6
 90.40856481481536 83.39004629629642 0.7
 85.908564814815 86.2233796296298 2.1
 88.07523148148182 81.22337962962973 2.7
 87.57523148148172 81.22337962962986 1.9
 87.40856481481504 88.05671296296318 0.5
 87.57523148148186 87.05671296296329 1.1
 86.90856481481512 82.55671296296309 2.2
 80.90856481481273 84.55671296296273 1.6
 83.74189814814854 84.05671296296335 0.9
 88.74189814814846 87.2233796296299 0.8
 79.40856481482311 85.72337962962939 1.1
 89.24189814814818 87.22337962962978 2.3
 87.24189814815172 84.89004629629576 0.9
 89.2418981481483 87.05671296296316 1.8
 86.57523148147511 85.55671296296246 1.8
 87.24189814814837 83.22337962962989 0.2
 89.24189814814717 86.056712962963 1.0
 88.24189814814868 87.39004629629672 2.5
 83.90856481481505 89.89004629629653 0.8
 80.07523148148172 82.89004629629653 1.2
 82.90856481481505 89.05671296296322 2.3
 83.90856481481512 87.72337962962972 1.3
 82.74189814814841 87.72337962962985 3.0
 84.40856481481465 84.89004629629623 0.5
 83.90856481481505 90.2233796296299 0.9
 79.40856481481505 85.39004629629653 2.3
 81.24189814814798 83.556712962963 1.9
 85.40856481481504 88.2233796296297 1.1
