 133 20.0 50
 84.9112781954885 85.27218045112764
 86.51127819548844 82.67218045112773 1.1
 84.51127819548852 81.07218045112766 1.1
 81.51127819548849 80.87218045112762 3.6
 81.9112781954885 82.27218045112764 0.5
 87.9112781954885 87.27218045112764 1.1
 80.31127819548803 83.07218045112741 1.9
 84.11127819548851 89.4721804511276 3.6
 88.5112781954885 80.27218045112764 2.7
 84.9112781954885 91.27218045112764 0.3
 84.31127819548851 79.47218045112766 1.6
 86.9112781954885 84.27218045112764 2.3
 78.11127819548851 85.27218045112764 2.3
 88.5112781954885 87.07218045112764 0.9
 84.11127819548908 84.67218045112807 0.5
 89.31127819548847 80.87218045112768 0.9
 80.71127819548845 85.67218045112764 0.5
 87.9112781954885 89.27218045112764 1.9
 82.5112781954885 81.27218045112764 1.6
 85.9112781954885 86.27218045112764 2.1
 89.11127819548854 80.4721804511276 1.8
 85.5112781954885 84.47218045112764 2.9
 85.9112781954885 87.27218045112764 1.7
 82.31127819548851 89.67218045112763 2.3
 83.31127819548848 80.27218045112755 0.9
 89.7112781954886 88.07218045112769 1.8
 78.9112781954885 82.27218045112764 1.2
 80.51127819548846 81.4721804511276 1.6
 83.5112781954885 88.07218045112764 1.3
 86.91127819548848 79.27218045112771 2.3
 85.9112781954885 81.27218045112764 2.6
 82.31127819548853 89.8721804511276 0.6
 80.31127819548841 89.67218045112773 2.8
 87.31127819548823 83.67218045112783 0.3
 89.9112781954885 87.27218045112764 1.8
 87.71127819548853 88.47218045112767 0.5
 89.91127819548991 86.07218045112786 1.0
 79.31127819548843 81.67218045112759 1.9
 82.11127819548848 88.07218045112766 3.0
 91.31127819548878 82.87218045112753 0.7
 89.51127819548856 90.2721804511277 3.1
 84.9112781954885 83.47218045112764 1.5
 83.51127819548852 80.67218045112767 2.1
 89.9112781954887 87.47218045112773 2.3
 78.51127819548853 84.47218045112764 0.3
 84.51127819548852 89.47218045112761 0.6
 88.31127819548814 83.87218045112779 2.6
 83.71127819548863 86.67218045112749 1.9
 87.71127819548853 82.07218045112761 1.0
 82.9112781954885 89.27218045112764 1.3
 78.31127819548946 83.67218045112787 0.7
 79.51127819548853 84.47218045112764 2.3
 90.51127819548938 86.67218045112786 0.5
 79.9112781954885 89.27218045112764 1.6
 81.51127819548847 90.4721804511277 0.3
 84.3112781954885 79.6721804511276 2.8
 83.5112781954885 91.07218045112768 0.9
 79.9112781954885 81.27218045112764 1.7
 90.9112781954885 84.27218045112764 0.8
 85.3112781954885 88.67218045112755 1.1
 82.31127819548777 84.27218045112735 1.5
 86.51127819548817 83.47218045112801 2.7
 82.51127819548836 82.47218045112747 1.5
 81.51127819549909 85.6721804511264 0.7
 89.9112781954885 81.27218045112764 2.0
 87.51127819549076 84.67218045112712 0.9
 88.11127819548847 81.27218045112768 0.1
 88.31127819548857 81.87218045112758 1.7
 89.51127819548898 83.07218045112741 0.5
 84.9112781954885 88.27218045112764 1.9
 80.31127819548874 88.0721804511275 1.0
 82.51127819549342 85.67218045112682 0.6
 86.11127819548854 89.67218045112776 1.8
 87.11127819548835 83.27218045112778 2.0
 87.9112781954885 91.27218045112764 0.6
 87.71127819548846 83.27218045112767 1.2
 79.11127819548838 88.67218045112772 1.6
 79.9112781954885 84.27218045112764 1.6
 86.71127819548848 82.27218045112768 0.9
 88.91127819548859 90.07218045112775 1.4
 89.31127819548851 87.47218045112764 0.8
 85.9112781954885 79.27218045112767 0.2
 83.71127819548852 88.6721804511276 1.5
 89.91127819548848 82.47218045112766 1.3
 85.7112781954885 80.47218045112763 0.7
 85.51127819548847 83.27218045112777 2.5
 85.31127819548851 90.4721804511277 2.6
 86.51127819548849 89.87218045112756 1.9
 85.31127819548851 81.67218045112759 4.1
 78.11127819548841 85.67218045112764 1.1
 80.9112781954885 83.27218045112764 1.7
 84.9112781954885 87.27218045112764 1.5
 89.51127819549326 84.67218045112702 0.7
 82.11127819548899 86.47218045112743 1.0
 84.51127819548856 86.4721804511275 1.6
 88.5112781954885 85.27218045112764 0.7
 83.51127819548853 90.67218045112757 0.8
 84.51127819548852 89.47218045112761 1.0
 83.91127819548849 82.27218045112761 1.2
 82.51127819548846 87.67218045112769 1.3
 81.51127819548852 84.47218045112764 2.7
 85.9112781954885 83.27218045112764 0.3
 87.51127819548854 82.6721804511276 0.2
 88.9112781954885 84.27218045112764 1.6
 87.11127819548858 80.67218045112749 1.3
 88.7112781954886 87.6721804511277 2.5
 78.11127819548852 83.67218045112764 1.0
 89.51127819548846 88.8721804511276 0.6
 87.1112781954885 81.87218045112765 2.2
 88.71127819548505 85.47218045112746 1.0
 81.51127819548786 83.4721804511273 0.9
 86.9112781954885 86.27218045112764 0.9
 81.11127819548858 89.27218045112755 2.6
 87.51127819548853 81.4721804511276 4.1
 83.31127819548838 83.67218045112752 0.9
 83.9112781954885 85.27218045112764 1.6
 81.51127819548854 79.87218045112769 1.0
 82.71127819549004 85.87218045112722 1.2
 80.71127819548855 79.87218045112769 2.7
 85.11127819548851 81.67218045112767 0.3
 87.31127819548855 90.87218045112775 0.2
 80.5112781954875 86.67218045112796 0.8
 86.31127819548858 87.87218045112779 1.8
 86.71127819548848 82.27218045112768 0.9
 78.51127819548813 86.87218045112773 1.4
 86.71127819549147 85.47218045112797 1.8
 78.9112781954885 87.27218045112764 0.9
 81.51127819548849 88.87218045112766 1.1
 87.9112781954885 82.27218045112764 0.8
 87.91127819548849 80.27218045112765 1.9
 85.71127819548852 85.67218045112764 1.4
 83.31127819548853 88.8721804511276 1.4
 87.11127819548867 82.47218045112743 2.8
 79.9112781954885 86.27218045112764 2.1
