 143 58.7 50
 548.979766899538 548.4770163167917
 546.3264335662046 552.5836829834585 4.5
 545.1531002328707 553.9170163167928 3.85
 554.1131002328619 546.2903496501291 4.8
 545.6064335661853 550.3303496501358 3.8
 553.2731002328595 546.0103496501318 3.5
 553.5397668995362 546.4503496501259 3.65
 545.1397668995384 543.0636829834588 4.15
 547.2997668995414 551.05034965012 2.65
 545.766433566202 544.543682983455 4.85
 545.7131002328515 551.0236829834739 3.05
 553.4864335662011 551.837016316789 4.25
 550.2997668995378 542.7836829834596 4.0
 553.019766899566 547.5036829834517 4.3
 551.2464335662044 554.1970163167908 4.75
 551.2864335662046 553.4103496501248 3.4
 545.0064335662071 545.2370163167936 3.7
 546.8197668995389 544.8503496501265 3.25
 544.9131002328852 546.1970163167995 3.25
 547.2331002328758 545.6903496501321 3.75
 545.2331002328733 545.9703496501263 4.75
 551.8064335662151 547.2903496501207 4.8
 552.9797668995456 551.5836829834642 4.05
 548.4464335662072 546.9970163167987 4.7
 549.4997668995379 553.1436829834572 4.1
 553.393100232885 546.743682983453 4.95
 549.1664335662045 550.4903496501233 4.4
 554.9531002328673 547.0370163167927 4.0
 546.2864335661505 547.7570163167773 2.95
 545.0997668995345 545.4103496501223 4.2
 554.0331002329209 547.4903496501154 4.45
 549.5397668995357 546.330349650134 4.75
 553.3531002328504 545.7303496501382 4.35
 553.6597668994054 549.0903496501077 2.95
 555.3931002328922 547.5170163167886 2.6
 553.6864335661992 550.2370163167897 3.0
 555.5131002331931 548.9303496501474 3.9
 549.3664335662058 550.7170163167985 4.05
 551.8864335662017 547.4903496501261 4.15
 555.0731002329464 549.903682983476 2.95
 548.0197668995373 554.090349650129 3.05
 551.6997668997354 549.0370163168324 3.6
 549.0464335656067 548.4903496500054 4.25
 554.5931002329396 547.0236829834407 2.65
 543.2197668995371 552.4503496501256 3.6
 554.8731002328714 551.4770163167917 3.65
 554.286433565931 547.7970163168268 4.8
 555.4464335660977 547.6636829834719 3.3
 548.5531002328719 551.9170163167876 4.55
 554.7397668995384 549.5303496501251 3.55
 543.939766899785 548.8103496501087 4.2
 552.57976689956 550.0370163168012 2.95
 552.0464335662047 552.210349650125 3.0
 555.2064335661972 545.3970163167954 4.6
 544.7931002329407 547.677016316805 3.7
 550.2597668995385 553.9303496501267 4.4
 554.739766899554 547.2370163167883 3.25
 547.9264335662064 551.5570163167868 3.1
 545.939766899535 551.3436829834612 3.9
 547.9397668995377 542.290349650123 4.3
 547.9264335662057 554.3570163167866 3.7
 552.7264335662085 550.9170163167942 2.55
 545.073100232903 546.5170163168076 4.15
 551.8731002328782 551.5036829834655 4.6
 546.926433566203 553.3303496501293 4.0
 552.8997668995399 553.5303496501275 4.75
 555.5131002328831 546.3303496501212 4.15
 552.0464335661908 550.0770163167845 3.4
 548.5797668995369 550.8236829834651 3.45
 552.6464335662131 547.1570163167887 2.9
 553.8464335662017 551.690349650123 3.1
 554.2064335662093 547.330349650124 4.35
 549.1131002328676 549.2903496501019 4.45
 552.1264335662012 544.8236829834625 3.15
 554.553100232868 550.3970163167905 4.8
 552.7264335661364 547.6770163168063 2.8
 548.5531002328564 547.9703496501073 2.7
 548.3531002328706 553.2103496501308 5.0
 552.3131002331085 548.2103496501061 3.15
 554.2464335664275 547.7036829834257 2.7
 545.299766929758 548.5036829832394 3.55
 543.3397668995545 550.5036829834524 2.8
 548.4597668995383 541.8903496501281 4.25
 550.9531002328697 543.7836829834623 3.95
 550.4997668995246 547.1836829834698 2.55
 550.2064335662042 545.3436829834596 3.2
 548.2197668995375 546.07701631679 4.2
 550.4331002328647 550.3836829834496 3.45
 543.9397668995427 552.7970163167877 4.1
 551.7931002328781 551.2770163167985 2.85
 547.8064335662026 551.2770163167968 2.9
 548.5131002328718 552.0370163167887 3.45
 546.8597668995394 544.343682983461 5.0
 543.9797668995321 550.9836829834613 2.75
 552.4464335661971 545.903682983464 3.35
 551.606433566214 550.7970163168 3.1
 543.7397668995827 549.6103496501154 3.4
 551.8997668995374 554.3170163167906 3.7
 549.2331002328721 545.6236829834513 4.1
 554.9264335662477 546.3436829834429 3.2
 555.0331002321104 548.1836829834953 5.0
 543.0331002328664 552.090349650128 3.05
 548.0464335662033 546.1170163167882 3.6
 550.606433566205 554.7703496501264 4.8
 543.299766899533 545.0636829834554 3.8
 549.9664335670998 548.3703496500283 2.85
 555.0331002328809 550.1303496501276 3.25
 552.5931002328872 546.6236829834503 4.8
 554.2464335662409 546.5303496501117 2.85
 547.7131002328761 546.1303496501337 2.7
 555.3397668995199 547.4236829834614 4.9
 543.1797668995282 546.5970163167885 3.7
 547.3531002328715 552.9036829834581 3.55
 554.1131002328539 546.7570163167976 3.3
 555.3531002328425 547.317016316797 2.95
 544.206433566205 546.5036829834585 4.6
 551.7531002328731 553.7703496501282 2.65
 544.57976689954 552.8236829834565 3.15
 547.3797668995282 549.9836829834676 5.0
 550.7131002328791 551.1570163168037 3.9
 546.5397668995407 552.6236829834538 5.0
 553.0064335663827 547.9303496501009 3.7
 552.2731002328914 547.3703496501183 3.95
 555.2331002328594 551.1836829834532 4.95
 553.8597668995466 546.9303496501224 4.8
 554.2197668995284 551.5303496501194 2.85
 545.6997668991579 548.0770163167454 4.9
 551.8731002328761 544.7836829834523 3.9
 551.6064335662013 543.2503496501317 4.7
 555.2197668995149 547.1836829834632 2.95
 545.6597668995328 551.4903496501298 4.15
 552.1531002346647 548.650349650223 4.15
 554.2997668994956 547.0636829834697 3.65
 554.0197668995586 546.3303496501163 2.85
 551.3131002328727 549.7036829834591 3.2
 554.6997668995111 545.8103496501376 3.0
 546.6864335660957 548.8503496501428 2.6
 546.3131002328714 544.9836829834584 3.05
 547.5797668995458 550.6636829834463 2.85
 545.0597668995701 547.0236829834703 2.95
 553.9931002328624 545.557016316797 4.3
 548.3664335662046 554.5836829834594 4.15
 553.2731002328696 545.1170163167931 4.55
 555.5931002330688 547.5970163167655 4.4
