 200 47.2 50
 549.918928571443 545.097785714299
 552.6475000000439 546.6120714286011 0.3
 552.6189285714435 548.426357142871 3.85
 547.6046428571408 543.0120714285699 3.8
 554.133214285726 547.9549285714401 4.4
 551.9332142857883 544.369214285706 2.6
 552.9332142857273 549.9120714285826 3.85
 553.2474999998728 545.626357142848 2.1
 556.7617857143179 546.2977857143021 1.35
 553.6760714285845 548.3120714285835 4.7
 553.804642857156 548.8406428571549 4.7
 554.990357142964 546.2977857143209 3.35
 549.2046428571565 546.6835000000149 0.1
 552.8760714285908 548.6835000000193 1.3
 553.0189285714431 550.712071428585 1.4
 550.9760714285846 547.0120714285825 1.0
 550.3760714277672 545.0263571429983 3.45
 554.0332142859709 545.6692142857612 2.55
 552.9189285714431 550.454928571442 4.4
 552.361785714307 547.4977857143057 1.55
 553.4332142855701 544.3692142857604 0.3
 552.7189285714436 548.5549285714426 4.75
 550.0760714285854 547.2835000000073 3.0
 552.5189285714458 549.5263571428753 1.05
 551.1475000000123 547.2835000000096 2.8
 552.1189285714431 550.5549285714422 3.8
 553.2903571428749 548.354928571445 0.75
 553.8617857142891 547.8692142857199 1.15
 552.9903571428798 547.297785714305 4.85
 553.3617857142938 548.8692142857207 3.45
 550.418928571445 542.9406428571475 3.45
 552.8617857143007 548.3549285714425 3.45
 553.9475000000011 547.0977857142924 3.15
 550.290357142873 547.1120714285926 0.9
 549.0760714285857 547.9406428571564 0.4
 553.8189285714385 547.7692142857245 4.3
 550.6332142857252 547.3263571428597 4.9
 552.0903571429945 545.66921428576 1.15
 555.6475000000203 548.7549285714456 3.0
 550.5046428571608 545.954928571447 3.8
 552.2617857142758 546.7834999999958 0.5
 555.1046428573104 545.626357142886 1.55
 551.6189285714423 548.9406428571547 0.25
 551.4332142857357 545.9977857143032 1.15
 552.8189285715202 545.5835000000262 1.6
 553.8903571428809 547.7120714285909 3.1
 551.9475000000109 548.554928571436 1.25
 553.0903571428688 548.3406428571534 2.95
 550.7760714285868 545.9120714285856 3.95
 555.5903571428204 546.5977857142855 4.25
 554.1332142857271 548.5692142857263 0.6
 550.6760714285839 548.1120714285772 1.0
 548.2332142857168 546.640642857167 1.05
 550.7760714286477 545.8406428572098 1.2
 551.3617857143016 550.7263571428762 2.9
 550.8760714285775 546.3977857142876 3.4
 552.4475000000267 546.883500000022 2.95
 554.4046428570466 546.0977857142743 3.55
 550.6903571428732 547.326357142875 0.75
 554.3332142856774 546.3406428571417 3.35
 553.0617857143039 548.454928571446 2.35
 552.0617857143012 550.1692142857303 3.05
 549.6046428571573 549.7263571428708 1.1
 548.747500000013 547.3692142857303 1.0
 550.7332142857013 545.9692142856982 1.05
 551.0046428571574 548.054928571442 3.95
 553.1475000000153 550.2406428571576 1.4
 552.1617857143007 549.1406428571571 3.95
 550.4760714285836 547.6977857142887 0.15
 551.9903571428682 547.7120714285805 0.85
 552.6046428571543 549.8406428571509 1.1
 551.4189285713782 545.7406428571284 0.15
 550.6760714285796 546.5692142857155 1.35
 555.9046428571544 547.6977857142978 3.75
 552.5332142855401 545.640642857117 4.45
 551.0189285714293 546.2120714285709 0.1
 552.7332142857275 550.826357142868 0.45
 552.4760714285823 548.9406428571508 4.45
 553.147500000008 547.6835000000082 1.5
 552.4760714285525 546.4692142857097 1.75
 551.9046428571621 546.7406428571602 3.75
 547.5617857139908 545.5977857143646 1.15
 550.4903571428722 548.454928571446 4.0
 554.8760714285935 548.0120714285893 3.25
 554.6332142857214 547.9692142857231 2.2
 551.8332142857279 548.9549285714403 5.0
 553.3617857143018 548.9549285714438 1.9
 551.4903571428695 547.0835000000106 2.85
 550.1046428571551 544.0692142857397 0.9
 551.104642857156 548.1120714285815 2.4
 555.7189285714385 547.9835000000111 1.95
 553.8332142869979 544.9977857142666 1.45
 553.4332142857261 548.8263571428677 2.2
 551.0903571430679 545.226357142892 0.15
 550.6475000000191 546.8406428571674 0.5
 553.4903571429137 546.0549285714532 4.45
 556.0760714268163 545.3977857142128 3.25
 553.2474999994506 544.9406428571828 0.65
 550.6189285714509 545.9263571428797 4.25
 552.6617857143013 547.7120714285859 4.25
 551.3617857143015 550.7692142857333 0.5
 550.2760714285855 546.9549285714403 2.95
 554.4617857142963 550.1263571428663 2.0
 552.5617857142998 548.6977857142987 1.05
 553.6617857143403 546.5977857143151 1.7
 551.5189285714437 549.7263571428723 2.0
 555.2903571428874 547.5406428571633 0.1
 552.2189285714398 548.5406428571514 4.75
 554.747500000013 549.7120714285834 2.0
 555.8046428571386 546.8977857142933 4.0
 552.4475000000069 547.9263571428621 0.6
 551.6046428571535 546.5977857142957 2.95
 550.5475000000141 549.3120714285825 4.3
 551.6189285714426 550.0692142857265 4.35
 555.8332142857414 547.4120714285897 4.2
 551.9903571428729 548.7120714285871 4.15
 555.4046428571573 548.9120714285848 3.6
 551.9903571428714 548.3120714285845 4.7
 556.2617857137926 545.5406428571207 4.55
 550.7189285714345 546.2549285714297 0.85
 553.4332142857182 546.2549285714384 0.35
 549.7760714285896 544.7835000000215 1.75
 553.476071428587 550.0692142857292 4.05
 549.9617857143 546.0835000000118 5.0
 553.0760714285874 548.8406428571581 4.95
 551.5332142857303 548.6549285714453 2.5
 551.6617857142962 546.9263571428663 3.5
 555.8760714286044 547.4263571428777 4.2
 553.2903571429098 546.8977857143194 0.85
 553.9903571428714 548.5120714285846 1.2
 556.0189285714742 546.4549285714488 1.85
 551.6760714285728 546.6977857142871 1.1
 554.2903571428799 547.0120714285883 0.9
 551.8332142857278 549.6263571428683 3.4
 552.9475000000064 547.4120714285785 0.75
 550.6617857137961 545.1977857142311 4.6
 551.6617857143023 549.0263571428753 4.85
 553.0046428571592 549.6406428571589 1.65
 550.6617857143 547.483500000013 4.2
 553.2189285714436 548.0120714285853 0.75
 551.6617857142994 551.1406428571539 3.0
 548.6332142856954 545.8692142857475 3.25
 551.9046428569884 544.5977857143415 2.4
 550.704642857116 544.8549285714546 1.2
 550.13321428573 546.269214285735 0.95
 553.4760714285834 547.6692142857258 4.65
 552.6617857143003 550.8120714285852 2.45
 554.1332142857326 549.5263571428745 0.4
 552.5332142856358 545.8406428571298 2.7
 552.8332142857321 548.0977857143025 3.2
 551.9189285714433 550.1835000000142 2.25
 552.4617857143909 545.3263571428786 0.6
 552.9760714285865 548.3120714285853 1.7
 551.2475000000344 545.9549285714547 2.8
 553.2760714285869 548.0120714285856 2.95
 549.118928571442 548.283500000017 4.65
 554.1332142857249 549.2549285714381 2.25
 551.7332142857292 548.3977857143 0.6
 550.1760714285784 544.6692142857399 1.65
 556.4332142857454 547.6406428571627 4.75
 551.5332142857281 547.8977857142982 0.3
 553.3617857143286 545.526357142874 0.6
 555.0760714285896 548.0977857143012 0.9
 554.9189285714464 549.7835000000165 2.3
 553.2189285714428 548.5977857142988 3.2
 555.3475000003524 544.3977857142554 3.05
 552.2903571428711 548.7977857142984 2.45
 549.3189285714342 546.1263571428855 2.25
 551.4189285714425 549.9263571428689 3.65
 550.7332142857213 546.3406428571448 0.35
 551.1617857143 548.2120714285844 4.7
 552.2760714285834 547.240642857154 0.1
 551.5760714285884 548.6120714285902 2.85
 551.8475000000149 549.9835000000146 3.05
 552.6332142856685 544.4406428571707 1.85
 553.2332142857308 549.597785714302 1.5
 551.5760714285882 548.71207142859 1.4
 548.9475000000153 547.05492857144 3.2
 553.6903571428052 546.4834999999889 2.8
 556.5475000000837 544.3977857142917 1.5
 552.0332142857281 547.8692142857269 1.85
 550.4332142857355 546.0549285714545 2.45
 552.3903571428691 548.6692142857241 3.0
 555.14750000001 547.5406428571541 2.55
 550.7046428572238 545.6120714286283 3.7
 552.2189285714401 548.9263571428656 1.55
 552.3474999999568 545.4692142857187 3.2
 553.8189285714528 547.7406428571628 0.75
 551.8617857142942 547.1549285714357 4.55
 552.6760714285863 550.5835000000142 4.95
 555.5332142857322 547.4692142857291 1.3
 551.9760714285852 550.5835000000118 1.35
 552.1189285714717 544.369214285718 3.4
 550.3760714285868 548.6263571428781 4.85
 556.2046428571425 546.3835000000103 1.7
 551.7189285714444 550.0692142857316 1.65
 554.1617857142963 547.969214285725 3.25
 552.890357142867 549.3263571428639 0.85
 551.4760714285862 548.6692142857285 1.65
 550.6617857143001 542.154928571442 2.2
 548.5903571428553 546.5835000000314 4.75
